% AIRS spectral gaps filled by L1C

fa_gap = ...
[ 681.99,   687.60;
  781.88,   789.26;
  903.78,   911.23;
  1046.20, 1056.07;
  1136.63, 1216.97;
  1272.59, 1284.35;
  1443.07, 1460.27;
  1527.00, 1541.10;
  1613.86, 2181.49;
  2557.41 ,2558.53;
];
